859.87 41.21
449.74 -46.11
463.79 -152.85
49.08 -15.01
565.25 94.57
401.75 45.18
384.44 -39.91
613.68 9.19
1194.02 89.49
68.78 -11.67
473.80 -25.39
515.90 43.97
789.50 -202.41
655.68 208.41
32.07 24.28
741.94 9.28
55.79 47.65
1171.54 163.25
465.36 -13.68
53.95 13.97
855.41 256.18
74.56 4.39
66.07 25.66
268.77 156.18
1097.95 -123.45
972.46 96.59
595.49 -1.29
1164.02 -74.32
59.19 -11.94
40.38 9.76
563.20 -3.82
339.47 90.75
829.79 48.14
826.29 -53.35
29.18 6.15
735.67 -88.87
758.00 -72.42
652.50 192.92
793.15 -37.93
49.22 18.08
49.59 11.64
711.28 165.44
662.62 -19.71
514.45 -62.58
612.43 21.32
742.67 41.71
924.53 267.42
363.66 -89.93
367.74 -23.95
666.12 114.40
760.99 103.20
36.34 37.77
824.16 72.89
674.32 -237.43
1054.38 69.86
389.81 -130.80
754.04 54.89
1044.74 274.04
559.90 -11.25
-6.86 -4.93
359.01 -21.59
43.01 24.48
750.73 74.40
1260.06 245.05
737.02 87.40
513.37 151.35
769.52 110.49
483.57 28.22
939.96 -303.31
468.38 -33.24
1141.26 123.92
1266.00 -44.40
64.18 10.84
917.35 -221.18
581.78 65.79
1029.01 285.89
395.47 -40.97
1018.81 98.87
740.13 40.31
64.68 43.37
981.10 -53.64
490.22 25.15
1081.46 62.24
843.19 -206.51
694.13 51.21
580.02 218.68
918.04 43.81
67.93 -8.26
489.34 -46.40
1193.81 60.18
751.20 -58.88
372.41 32.94
983.12 134.85
705.92 25.41
732.72 18.99
1228.93 303.63
452.60 -49.06
496.53 1.04
1021.65 -227.46
930.14 -231.20
15.08 39.13
989.40 66.64
63.94 17.50
521.50 -27.73
968.75 64.17
58.72 -10.84
355.97 -37.28
1094.31 93.70
427.31 45.50
355.12 -2.99
714.12 15.24
1010.89 -16.02
546.82 89.14
819.13 -43.27
70.50 38.20
66.12 27.35
1062.84 185.88
486.36 -112.70
678.23 217.57
956.66 -57.61
38.20 -13.29
489.72 230.25
17.89 20.01
606.34 -57.72
611.34 -131.42
46.84 5.92
1262.63 -51.05
588.11 -2.86
791.65 -207.43
880.34 48.30
762.13 196.59
596.83 28.51
1184.08 -82.99
882.88 -80.18
1272.24 45.38
571.16 -40.73
40.26 7.99
772.64 76.55
51.04 6.72
32.12 14.01
408.72 5.74
965.27 -78.91
42.30 -9.98
864.28 -65.19
55.41 41.71
1005.70 97.92
817.47 30.10
697.77 -20.11
493.62 -157.18
435.38 0.06
55.50 18.77
556.23 162.35
1167.13 152.60
78.32 24.45
381.70 -200.89
28.30 40.37
610.45 -2.33
951.03 -75.61
622.05 -76.08
856.29 37.96
1078.58 -102.82
603.66 -132.07
897.63 6.18
575.49 -139.53
315.86 185.45
879.96 -40.93
739.19 188.40
604.47 32.78
246.08 -31.79
1154.02 82.50
39.74 14.91
797.07 -172.08
41.10 -37.15
764.43 47.29
48.55 22.77
348.17 19.08
727.41 145.28
471.18 75.62
456.50 128.36
860.62 36.37
45.82 -0.40
5.37 -13.56
725.28 204.37
737.69 232.80
1006.12 -211.66
526.93 146.48
736.65 -35.74
943.17 223.56
491.63 68.87
537.85 50.39
692.88 16.17
554.81 -7.77
939.77 -87.38
680.19 -62.14
361.37 35.43
656.04 154.94
35.85 2.20
698.98 -201.92
987.14 5.22
30.28 22.48
372.91 -16.58
353.78 33.68
29.50 35.93
645.92 -108.38
528.41 6.29
962.54 -199.02
41.47 -8.73
710.10 119.90
55.50 -3.14
933.29 -26.17
711.09 12.65
622.44 61.69
23.62 27.11
516.88 53.99
478.94 149.75
499.39 -56.60
790.30 82.33
457.10 -59.26
614.88 53.80
609.90 112.59
509.34 -82.54
523.10 136.13
681.39 -70.60
453.67 138.86
420.64 63.83
32.61 23.48
1120.71 140.73
82.26 42.09
754.65 23.26
1098.73 157.91
505.58 16.83
783.09 4.25
27.15 35.91
77.52 1.84
720.32 -129.71
756.75 186.95
552.31 146.50
564.31 -174.20
541.55 93.96
1090.00 48.40
809.93 170.82
917.68 -134.12
1166.26 45.67
75.10 48.57
616.32 15.45
761.82 19.95
508.63 24.84
573.89 -63.33
1000.01 155.73
1182.86 43.09
59.06 -5.91
387.05 -0.31
948.85 -62.37
700.84 -105.12
39.08 5.53
797.14 8.89
56.79 10.66
58.24 36.15
547.97 -2.25
822.54 48.40
429.50 34.26
647.19 51.51
862.95 132.92
728.50 112.87
53.72 0.25
712.82 -78.94
1071.00 35.79
467.09 -122.82
528.73 176.09
61.17 13.94
840.23 82.11
543.51 134.45
572.08 -67.63
630.31 -22.00
968.98 -206.30
47.37 -21.12
-4.68 47.48
38.32 55.64
604.17 -182.69
32.91 5.51
1066.70 109.66
424.98 -2.97
536.79 -146.10
71.39 9.28
976.80 -312.21
54.40 -29.09
879.36 -266.38
544.50 -133.25
602.62 -92.26
435.87 -203.78
58.64 -22.82
756.06 50.62
21.88 21.91
552.95 -250.10
1159.10 -230.58
857.42 -68.40
625.76 -51.39
35.74 8.37
748.11 164.87
61.83 17.64
837.20 6.78
655.65 81.51
1275.42 7.63
50.82 8.48
724.47 120.87
1165.20 -172.05
32.92 16.06
877.96 -259.06
51.98 10.86
671.60 228.00
579.50 54.26
1192.21 -25.63
744.74 118.81
457.96 61.13
846.59 -115.43
766.23 -31.19
811.41 -38.13
781.40 141.05
855.22 227.22
1067.84 -137.43
50.37 -0.98
383.77 1.49
72.24 0.81
41.06 -21.14
560.31 -5.08
681.27 104.00
1079.86 -16.56
64.59 3.72
963.70 -301.47
62.53 -4.28
639.44 100.64
565.64 168.51
86.11 -6.41
37.73 43.21
621.36 -93.03
549.72 -28.40
1123.55 -7.41
1012.09 9.46
641.29 -58.57
28.49 15.47
638.24 60.64
1082.94 88.20
783.33 179.99
712.02 88.91
936.15 162.23
361.55 0.58
494.02 -33.64
839.66 22.90
1008.26 -189.49
1203.11 146.38
74.76 -24.74
477.89 32.34
1050.40 201.36
660.66 -146.74
767.86 112.84
28.08 43.89
747.30 -266.09
51.52 -23.30
528.77 -161.24
39.61 8.79
607.99 -24.54
527.87 256.21
550.38 -131.94
21.90 4.15
909.39 -3.18
586.39 44.12
1107.00 186.22
81.12 31.28
89.98 -13.94
948.05 30.86
740.13 128.07
756.24 106.28
749.25 211.06
420.73 250.34
930.32 234.10
881.30 181.25
771.21 34.79
1130.59 -9.97
519.81 19.94
450.01 -107.39
947.20 -79.48
55.88 2.16
1212.33 -223.66
811.66 10.11
44.07 25.69
44.34 0.99
66.91 6.74
1192.39 -49.39
74.42 -19.46
634.53 87.89
958.02 251.48
1004.03 176.37
705.02 -98.93
991.88 64.88
927.94 191.67
1064.43 -19.23
532.14 -122.40
578.49 0.70
1060.84 148.77
827.34 16.21
5.86 1.24
56.61 24.92
518.90 -6.83
67.85 -33.52
48.43 22.06
1167.65 30.61
686.22 -129.61
852.74 -108.94
1006.91 44.44
860.17 11.27
1022.15 -98.16
914.03 273.33
856.19 -117.99
67.64 -19.46
784.67 81.21
61.04 -11.58
640.71 -30.05
853.21 -23.59
656.88 -98.12
821.36 205.69
686.72 82.04
25.87 34.07
62.97 -6.47
560.95 -145.87
940.86 -367.38
340.51 30.93
783.20 22.74
1085.34 126.17
9.92 38.02
543.96 -8.53
59.31 39.57
675.37 -82.36
370.40 -132.83
1325.14 -137.29
1206.89 -166.34
59.08 54.86
692.58 136.60
438.54 -43.71
754.67 169.43
675.89 193.54
248.54 -42.25
813.83 119.16
840.96 69.07
481.72 142.28
639.23 89.91
67.16 3.84
25.89 -4.42
516.82 64.45
31.43 -12.49
1202.71 -72.42
488.97 0.46
701.70 -15.23
1266.27 71.25
621.40 -84.32
828.66 265.81
581.98 92.99
733.25 65.18
1148.37 315.08
491.83 114.00
331.70 -168.76
1053.83 -166.37
974.90 -34.80
646.21 -205.63
622.44 -3.71
76.27 25.53
90.13 -8.47
20.92 4.99
668.87 62.61
425.55 -216.41
1032.41 277.87
1258.61 278.47
740.36 54.33
58.53 -22.69
54.06 35.01
597.26 13.18
554.31 7.30
322.68 66.90
1212.77 -76.74
509.39 217.77
984.85 -196.72
764.44 64.69
330.37 -96.75
56.38 -4.94
754.93 251.55
324.82 -72.04
71.96 23.94
794.67 47.71
52.37 -8.24
689.97 159.10
1045.04 -20.95
1176.69 48.27
856.47 401.76
855.48 -107.64
455.81 19.76
810.35 53.22
466.08 12.55
33.16 8.66
1043.46 -178.35
735.17 58.66
64.95 16.29
884.15 -38.85
1110.27 89.64
51.30 -22.21
789.58 70.82
623.66 88.68
999.85 44.01
88.54 6.36
1055.66 40.36
933.42 177.84
39.89 36.86
802.37 307.45
45.62 -3.20
1247.33 54.92
575.31 -67.57
804.15 209.30
1081.29 -24.87
1063.54 -114.87
681.56 118.27
1001.33 -249.07
469.36 -102.61
978.71 116.33
636.68 47.24
533.23 4.16
615.90 -110.00
419.20 -142.07
35.30 31.34
705.68 51.79
887.19 -282.07
65.38 2.63
69.03 -10.54
989.99 -2.07
943.43 71.88
1430.58 -191.22
68.63 -0.17
731.93 -31.92
740.07 169.89
65.49 41.10
344.36 124.34
423.68 -18.09
916.89 239.01
633.79 19.27
633.22 -51.19
56.97 13.55
961.56 198.46
54.18 3.87
63.03 -33.38
54.42 -11.87
361.84 104.56
46.50 11.59
433.28 20.25
872.60 190.78
32.86 -24.22
702.99 -94.06
719.87 1.10
30.84 -1.74
579.24 209.59
565.30 -120.79
348.03 11.45
1035.23 -0.24
590.83 -81.33
589.89 -166.35
474.57 190.88
72.97 13.06
62.85 -2.68
504.95 -186.53
792.25 137.09
921.24 373.41
1002.23 -178.78
20.85 32.99
1016.94 -39.39
1122.85 -128.09
43.69 -50.75
837.18 114.31
578.88 153.11
577.16 -32.41
695.96 42.16
384.17 164.05
1060.29 111.59
778.37 215.77
579.62 106.95
588.13 -13.33
46.32 -3.31
65.25 0.79
83.39 19.06
771.89 -28.04
874.11 -24.01
54.47 53.67
1219.10 -6.03
925.91 -89.96
750.74 74.96
15.84 -0.64
629.88 85.60
562.20 32.83
898.58 194.36
545.38 106.46
507.14 60.39
954.66 -130.80
721.76 83.12
789.66 8.51
1101.98 28.89
1197.86 60.01
41.73 1.97
48.27 6.84
735.08 -74.85
720.98 33.13
1305.12 16.61
540.62 167.01
551.79 54.41
1039.66 157.33
439.38 -89.07
15.89 -2.20
479.38 203.00
806.61 177.90
670.24 88.54
541.72 -148.22
1023.56 -76.24
613.53 -48.27
441.54 -14.55
1097.75 -6.55
687.43 117.09
65.26 -6.52
738.16 -108.66
610.26 133.68
48.94 46.84
405.21 130.26
1034.87 -13.99
956.50 -49.60
538.35 -22.72
755.40 -4.87
728.95 -45.69
1102.16 54.23
49.20 28.33
619.56 -2.43
492.29 39.26
613.23 -29.23
744.09 69.82
57.68 19.59
62.21 17.18
512.72 45.15
621.20 12.07
949.70 143.73
29.33 -3.34
655.02 176.08
407.79 134.81
50.63 19.84
736.51 -146.29
428.99 49.71
587.42 -44.38
907.44 375.66
37.18 13.53
51.22 -5.05
882.25 137.72
549.87 221.11
1113.90 -109.54
58.45 43.79
-7.65 24.12
59.17 30.76
904.94 29.74
60.60 22.80
68.58 44.47
750.07 10.31
1221.75 39.12
32.71 16.15
1018.55 59.88
58.62 -15.14
570.29 -22.35
1125.73 54.03
706.68 114.96
82.51 6.48
57.68 25.50
69.10 10.49
919.08 -34.02
732.96 -52.22
1288.47 165.59
682.66 133.95
618.51 -91.37
969.22 55.12
621.54 -50.25
496.52 5.20
776.01 184.54
1081.85 198.15
488.51 66.21
700.11 55.81
1329.08 -153.45
493.18 -21.27
538.31 -55.79
972.87 -44.66
691.20 73.20
567.26 -29.83
848.32 218.62
1051.74 92.56
657.78 202.47
496.47 184.48
320.94 -129.28
889.00 118.96
864.49 -114.00
756.10 133.77
550.40 275.52
526.02 150.86
42.92 6.77
89.37 19.02
939.88 -20.07
1237.27 -19.14
810.02 -40.28
418.31 -34.13
346.68 -132.34
39.41 -12.01
543.04 -9.97
1178.34 -133.44
51.93 -5.80
640.59 212.42
529.92 174.34
1077.69 248.56
65.37 12.54
376.54 75.14
29.47 11.10
459.94 49.73
51.51 -2.83
1003.20 132.48
693.62 -4.29
7.53 8.76
1209.22 20.26
701.70 55.10
608.60 17.12
538.73 20.32
551.52 175.80
40.05 39.26
415.32 78.21
735.94 45.74
548.60 64.99
786.65 96.84
1097.07 -169.81
871.91 -42.27
39.37 22.65
881.09 109.02
33.96 -1.91
600.43 -40.34
745.63 27.48
37.73 -25.04
1026.78 -127.29
667.06 191.58
794.12 264.00
616.42 51.44
1051.30 -169.63
36.46 1.49
41.81 1.06
711.57 75.43
529.38 70.15
927.39 -125.64
751.14 9.33
70.33 7.96
570.93 67.65
46.77 -21.65
62.03 29.20
22.17 46.14
728.73 -0.31
1199.48 -93.03
625.37 99.52
64.39 -16.90
827.08 142.60
633.25 121.58
37.05 21.34
359.94 -62.97
545.43 -102.82
37.61 5.77
55.68 12.41
472.93 -208.51
540.14 112.07
514.58 40.48
49.18 32.92
462.83 99.22
729.94 1.01
588.78 103.06
862.48 138.68
57.81 32.35
778.87 25.41
650.79 19.58
750.22 92.87
21.38 7.29
28.05 -30.83
498.28 57.45
757.49 161.85
594.30 117.42
53.78 29.38
32.88 24.80
1091.49 129.85
632.03 -49.87
703.26 -45.13
62.58 5.26
1066.95 -21.85
587.81 -42.86
1078.97 12.09
681.61 -89.15
21.47 -2.38
9.59 5.60
1212.76 61.24
490.78 -143.83
79.89 -7.18
73.75 14.31
704.44 -82.39
68.94 21.46
711.03 102.35
314.20 -13.49
861.77 5.37
943.44 48.36
754.98 48.44
914.35 7.53
1281.05 36.18
663.04 -55.83
79.08 3.61
1181.74 93.09
834.04 -154.45
1127.04 6.27
892.48 109.44
49.32 9.50
421.28 -8.17
858.45 57.58
64.79 -5.97
59.25 3.82
56.40 25.11
496.11 161.64
1095.13 45.26
742.92 227.07
886.01 -135.52
999.03 -34.60
665.61 123.12
416.80 -15.25
39.05 7.79
415.38 70.85
638.80 -1.92
323.51 75.53
45.78 15.97
1150.78 16.68
897.36 -40.03
596.75 83.18
48.92 -15.75
1181.54 -131.50
-10.90 25.65
781.13 97.72
55.14 18.71
596.23 -14.79
562.88 -129.54
62.73 0.74
967.91 126.27
718.66 211.32
578.61 254.96
856.19 210.62
529.35 29.90
425.12 -69.06
769.34 -68.18
658.96 37.02
625.30 -10.52
883.54 354.84
710.38 202.53
708.18 -20.86
466.01 -71.76
617.79 33.27
649.30 122.16
58.87 -9.08
653.75 -65.38
74.68 10.84
582.24 -91.10
474.29 -106.11
640.07 -18.78
1064.25 86.86
938.17 115.08
939.65 28.33
900.26 -33.14
1032.54 -44.20
490.75 28.43
101.88 5.17
74.54 19.64
571.53 -120.13
331.36 222.46
468.70 -194.93
565.15 58.23
1102.57 -81.77
60.65 14.41
692.81 226.15
552.57 -15.87
403.84 -41.87
582.29 34.43
549.26 57.88
514.64 -45.99
548.67 98.29
66.10 29.37
1148.35 -145.75
617.95 145.49
460.60 98.70
862.77 -45.14
336.55 70.22
1091.19 42.65
857.76 170.93
577.82 -4.31
587.82 -86.61
1065.80 -133.12
515.66 153.20
542.42 1.03
298.99 -101.42
1224.49 130.95
714.11 129.90
717.17 33.72
585.70 121.36
898.23 -63.44
45.67 18.69
516.96 -81.65
721.57 33.78
82.66 24.07
1011.31 -0.04
728.01 -147.99
17.22 35.06
760.21 -67.08
936.36 -282.88
687.48 26.64
636.09 143.53
482.10 19.59
25.90 11.48
51.32 13.92
35.89 31.95
13.54 25.58
41.80 29.72
440.46 87.18
34.63 0.60
1038.53 65.82
767.76 108.10
807.64 -57.01
46.94 -9.36
694.68 66.48
909.99 33.05
1124.93 4.56
719.64 216.57
34.82 4.82
462.94 -78.87
481.61 -95.54
639.34 110.51
441.67 99.51
25.59 7.84
535.19 -85.16
1169.55 358.86
71.51 48.22
416.75 -47.49
28.92 -38.96
713.28 100.17
484.43 81.26
1126.26 397.71
979.37 -76.77
41.71 20.19
915.22 -5.89
517.74 49.54
1216.82 290.89
822.69 86.28
59.14 44.65
63.00 -17.99
793.69 42.85
59.96 13.67
73.58 10.72
29.07 -25.93
562.69 65.18
418.80 -83.43
55.46 7.79
-4.73 -48.93
395.87 -91.76
55.35 3.19
69.59 -29.28
33.67 -1.01
385.81 56.58
534.72 -167.66
747.23 129.28
894.68 -137.05
472.97 100.34
87.84 4.24
932.98 -102.07
538.45 10.70
610.97 -68.87
729.31 180.38
1100.42 249.06
912.82 -41.44
819.31 256.02
63.45 24.20
52.89 -13.33
752.55 199.86
42.75 11.83
1327.79 -24.29
515.41 85.61
696.35 -184.32
353.29 -67.83
53.22 15.77
61.86 2.08
302.88 84.31
1122.54 175.00
66.87 13.04
51.18 16.73
647.03 -17.43
853.23 86.00
711.33 -95.17
620.92 -136.93
50.78 0.33
36.61 -2.66
56.06 42.42
1030.81 -102.03
70.46 -21.36
837.17 120.56
766.89 24.58
821.09 130.97
557.28 -58.46
663.42 -67.71
1238.47 -46.90
38.40 0.88
1072.02 -87.64
1066.05 265.90
639.70 11.49
1035.04 -8.49
1136.56 -30.66
480.58 77.04
50.55 -8.07
26.05 16.40
460.27 -45.21
922.00 213.41
43.12 14.78
1020.40 -123.08
692.13 50.85
14.71 -47.13
34.38 12.93
727.67 12.31
477.83 86.13
607.23 95.49
48.55 -19.61
715.53 38.38
1084.09 -29.02
591.23 -52.18
965.86 -2.20
473.55 -93.53
529.55 12.64
777.50 325.35
15.93 7.87
581.10 0.57
66.86 16.38
22.75 5.28
762.16 192.81
940.64 -23.09
552.74 32.68
656.76 130.40
820.20 -23.86
837.92 18.06
613.89 23.17
735.77 19.77
660.06 99.38
28.64 27.70
832.05 -1.48
818.74 -93.98
624.75 -7.41
1110.86 173.00
68.76 9.70
600.05 26.56
724.98 151.51
465.06 39.87
417.26 -219.40
853.72 -48.84
79.00 8.19
828.41 123.91
1108.82 -76.49
739.18 100.76
744.81 121.10
37.07 44.01
42.29 -5.15
1293.22 -154.64
90.53 1.34
78.80 -15.19
488.43 -26.47
560.26 120.43
70.61 21.38
651.77 -55.87
1053.79 -44.51
1146.09 141.37
55.11 -3.24
1053.01 150.71
47.42 15.35
70.86 -18.03
700.12 -36.78
629.77 -44.79
70.58 8.56
821.65 146.37
1132.96 -104.56
1106.96 12.08
702.96 -79.63
730.78 124.01
51.17 -6.88
984.04 -103.90
55.57 -5.05
41.66 40.06
49.76 -3.21
895.25 121.15
966.46 222.67
321.66 -165.65
958.73 -130.08
725.90 20.92
713.13 177.47
876.72 232.56
638.04 -28.62
322.19 21.09
39.97 11.64
1050.96 -221.19
1005.92 -60.98
774.07 40.48
561.92 40.25
562.79 -89.77
517.66 55.40
349.03 24.77
34.52 -17.56
675.54 48.86
626.79 145.44
1067.51 -64.91
446.55 138.78
497.86 -53.82
654.79 -87.06
620.28 199.61
73.50 10.34
998.53 -207.89
492.51 32.80
590.27 -121.06
659.75 164.84
705.17 -137.46
516.96 -82.24
1141.62 149.92
726.30 69.69
847.42 69.16
547.12 -100.11
728.89 -184.32
351.60 -78.28
1215.15 43.85
1068.18 285.91
743.27 -120.25
579.19 127.48
47.56 8.21
729.51 -110.04
688.00 -8.15
624.22 -16.74
507.95 131.92
723.83 23.57
542.00 30.79
580.48 149.50
951.04 28.05
713.87 51.70
1029.23 200.45
11.71 27.39
48.82 -0.24
516.10 140.76
83.67 -4.98
584.23 44.71
36.21 34.96
46.07 4.59
51.77 28.09
747.19 73.12
945.24 -71.04
36.78 -16.36
931.87 -69.11
1001.53 89.60
1043.83 -117.86
48.70 33.53
496.56 20.71
76.99 -11.44
573.21 17.49
56.07 20.26
60.28 -24.39
1003.20 -86.49
49.08 12.06
362.03 -28.94
842.09 15.32
365.50 15.07
500.35 -42.22
1003.15 131.05
1023.75 -133.21
11.19 23.58
437.66 -28.83
461.09 -32.68
958.41 -7.24
693.41 -125.89
615.75 113.25
967.86 -96.34
772.69 -1.27
51.46 -59.85
839.28 142.90
39.64 -0.61
341.11 -22.53
861.03 172.59
906.74 -11.40
715.24 -0.52
42.55 -15.08
332.78 -79.15
902.71 -75.83
648.68 108.45
61.09 0.45
713.59 46.00
1085.15 -78.85
537.12 -53.67
688.62 -41.00
1070.22 25.40
816.82 25.30
625.16 84.04
472.07 40.04
39.25 17.85
744.37 41.08
290.95 1.31
469.88 84.73
929.44 292.00
935.86 -2.66
79.77 8.80
93.50 -5.34
60.39 22.14
75.61 5.38
653.11 65.48
697.55 -2.11
544.53 58.96
559.04 89.70
612.44 -100.56
57.00 -5.92
600.30 -84.05
1236.41 62.15
611.52 -145.40
21.85 -16.50
606.22 22.39
517.34 48.15
21.08 14.64
33.50 9.86
924.84 -226.40
66.47 -27.71
334.50 -61.05
591.76 -70.14
42.29 -18.74
55.25 15.52
507.47 89.69
42.31 18.59
950.01 -83.08
618.68 51.97
777.77 60.95
532.41 -92.55
623.87 17.09
59.24 18.19
886.15 -189.78
334.31 -10.83
32.78 43.68
783.76 -57.77
1070.47 -93.37
53.02 -14.13
536.44 -86.07
498.97 -180.13
636.42 -1.44
572.90 69.77
9.73 14.61
1016.65 162.63
55.26 -22.03
58.37 35.72
42.58 29.12
510.47 -43.32
63.28 18.74
840.98 279.05
609.51 123.62
828.95 -302.08
438.47 -49.14
694.56 -129.40
445.63 15.84
53.81 -0.09
815.61 130.99
59.06 -2.72
945.55 106.13
782.13 5.04
536.94 166.54
1085.99 10.81
865.91 -63.77
773.83 63.34
704.49 34.64
535.27 20.82
64.53 -29.59
74.76 5.66
1096.42 267.32
48.97 6.53
404.40 -80.19
1007.87 167.36
707.88 134.82
597.86 -37.26
378.94 -45.51
1091.80 -31.86
1130.02 215.64
393.84 -28.09
745.18 3.48
593.10 -58.98
461.25 119.92
641.67 26.67
791.63 61.12
525.04 81.55
101.00 38.41
1279.68 100.72
741.30 -27.97
724.97 -103.94
368.51 -5.16
399.51 -78.33
884.25 -62.87
1325.81 -309.62
52.46 8.59
636.02 -12.63
403.75 -23.60
39.58 -28.02
79.67 14.49
355.80 -15.25
1081.22 -91.03
794.63 31.25
613.62 6.83
532.28 -18.56
721.63 74.77
745.00 -22.60
561.97 -44.04
1024.21 247.00
833.80 -62.72
650.61 -70.89
918.55 -120.17
385.64 86.30
61.31 9.28
610.53 102.80
998.87 225.67
713.60 134.64
425.61 -9.29
878.20 158.10
656.72 6.07
382.07 -60.93
710.28 190.64
33.15 34.73
58.56 19.46
653.15 -32.69
1001.46 143.35
489.87 77.85
909.67 127.13
28.44 8.16
33.20 -4.77
525.44 -50.53
584.07 83.52
699.49 40.89
45.34 41.48
1272.66 98.09
398.21 -8.02
1153.51 15.38
770.36 -69.27
52.14 29.57
701.42 15.07
478.80 -70.64
878.92 374.37
606.26 -109.46
876.65 -78.19
485.11 -65.92
643.80 -217.42
604.50 67.29
891.42 -98.12
981.59 -7.71
27.36 7.79
1162.85 276.36
874.30 148.87
298.88 108.65
578.89 134.66
1289.55 124.01
513.88 95.77
77.51 26.45
567.07 102.49
573.96 -216.21
669.13 -31.15
1044.69 63.96
558.83 159.56
557.73 -57.15
43.67 4.29
39.56 0.83
52.52 30.16
59.90 44.60
697.04 1.14
655.12 -306.27
13.64 -30.63
70.13 44.83
526.50 215.10
1349.11 49.04
1125.07 -42.79
633.10 58.78
1043.05 -300.94
672.16 -169.22
615.05 116.27
927.30 -43.92
1196.11 -283.52
63.33 44.33
496.75 -0.04
71.88 32.59
722.23 81.53
382.37 123.67
57.08 -7.47
642.22 63.00
506.10 -56.65
712.19 13.64
649.56 299.58
822.80 273.73
391.54 136.81
753.77 16.59
690.56 -26.24
692.82 104.84
632.26 -140.96
25.46 18.54
1196.65 10.41
751.17 -10.34
33.72 18.33
84.81 4.06
556.27 102.23
633.33 -97.82
734.03 73.50
873.74 66.50
416.45 -137.22
323.11 -96.69
910.66 -2.87
695.28 124.56
292.79 -146.49
81.77 -2.91
734.24 30.73
68.27 -4.90
61.32 -32.91
572.29 -14.72
658.97 37.40
615.10 -33.79
1079.91 -33.72
1005.42 -319.92
619.92 77.42
57.36 -15.86
31.42 -0.51
620.75 190.40
1002.95 -154.20
705.21 29.48
469.01 176.42
33.56 16.99
816.37 -59.70
591.58 175.24
1003.03 -55.71
20.93 39.63
33.14 20.94
1090.18 -72.69
792.30 227.78
977.42 186.64
651.36 202.35
45.90 36.51
725.18 76.90
1035.41 156.48
786.72 143.57
76.98 37.23
781.60 31.79
1285.00 -61.36
725.58 200.69
67.93 18.69
1171.92 -23.99
574.49 204.10
33.49 -11.55
844.36 -139.40
334.17 -38.95
940.70 49.98
699.69 154.42
600.10 206.03
52.47 7.56
689.81 57.44
52.37 -13.08
673.58 -62.16
811.56 85.77
838.14 -93.73
987.45 289.74
554.29 188.57
1008.47 141.54
363.93 -111.38
56.35 41.92
727.59 14.06
779.37 78.40
40.09 9.19
885.13 273.28
520.08 -5.98
646.26 35.50
930.20 -218.74
659.80 76.34
1170.34 -109.22
32.41 -16.82
442.11 -122.06
665.29 45.14
679.41 109.63
1174.05 183.72
644.38 29.45
66.04 4.50
512.79 -6.20
555.11 65.89
73.60 -8.08
41.93 -5.94
776.04 121.41
452.34 228.63
66.91 36.10
55.95 28.01
80.89 -31.14
1022.41 -194.99
662.11 158.18
42.09 10.09
67.19 14.27
31.88 16.00
396.93 219.54
475.95 50.39
907.64 212.48
888.34 33.05
404.45 45.73
41.70 21.39
438.42 -109.91
982.61 285.54
58.96 56.15
513.35 105.39
60.79 -11.68
1075.63 -6.17
598.80 104.95
36.12 -6.93
66.40 30.52
62.90 -10.13
799.04 72.95
29.80 21.41
780.80 177.54
832.72 -3.79
45.34 14.28
1174.26 -250.43
617.15 -27.76
948.14 -271.19
424.69 24.84
535.35 118.42
816.51 109.00
616.88 -37.68
56.85 -5.14
843.59 -70.43
31.99 16.09
479.51 39.61
880.35 232.35
415.33 157.69
728.25 -30.84
382.46 38.61
733.78 35.14
25.48 19.12
745.09 -6.25
1095.27 102.22
434.47 -40.90
1060.51 -12.80
412.93 -23.60
948.49 -334.92
449.41 12.65
634.00 107.00
1125.14 208.19
608.85 -45.97
440.79 72.25
1010.82 -197.92
1161.93 -16.35
1001.32 230.74
564.02 113.78
1130.02 335.40
1048.83 101.78
50.74 29.62
604.51 309.64
443.62 -9.45
63.18 -5.45
419.41 29.81
42.51 31.38
462.71 72.39
674.06 -72.58
63.14 45.85
695.87 39.41
607.10 152.44
940.93 -194.92
563.84 -94.67
36.87 -7.46
990.68 -66.08
546.90 240.63
33.03 -25.64
1125.53 -48.40
549.68 -55.32
546.98 193.56
580.94 -96.66
937.45 -51.48
581.73 279.42
515.22 8.02
408.78 -4.89
731.79 -7.60
568.33 48.20
760.60 -145.08
773.66 -119.34
25.91 23.55
21.59 -1.80
65.26 -12.79
41.52 -14.66
478.92 -8.88
503.73 38.93
789.27 79.06
466.25 -65.78
613.64 7.51
76.81 2.16
747.09 101.03
39.67 47.58
691.56 103.43
648.02 154.79
38.10 48.53
52.33 -6.72
774.97 -125.85
54.16 28.67
595.22 31.69
1174.08 48.32
543.40 39.24
51.60 15.21
655.97 225.44
552.12 165.20
606.55 45.30
1147.25 36.75
571.70 20.49
319.64 -86.29
64.24 6.50
27.40 -18.17
60.82 32.14
700.63 82.97
682.28 142.72
669.73 17.16
704.24 83.45
585.05 327.57
987.10 59.94
597.24 88.27
761.16 -99.71
43.40 8.10
523.20 -10.14
727.60 -61.19
1109.67 -1.72
45.12 -3.86
408.88 23.20
823.70 71.14
67.18 -4.81
1146.56 -175.38
853.53 42.24
631.58 220.68
817.35 115.11
78.20 12.52
508.66 195.71
1280.69 -43.78
48.96 21.21
682.47 -60.08
875.83 98.94
455.50 -95.54
960.82 -74.78
392.69 7.46
822.85 62.04
1254.35 -282.44
1058.43 99.05
833.40 -123.93
799.99 -12.10
478.10 67.34
1080.90 119.23
66.05 0.54
435.56 -48.35
462.56 49.81
794.84 78.73
17.10 -7.13
587.05 235.00
821.88 30.16
1053.42 243.27
995.40 64.56
506.11 -154.97
552.89 -34.91
546.64 29.17
517.51 -27.51
361.44 -41.99
1052.83 -157.00
331.97 41.51
643.24 1.57
707.38 103.98
52.89 -27.53
541.47 165.15
36.05 -14.50
923.19 106.10
56.96 3.08
739.74 118.53
507.13 -3.58
1208.72 -80.36
58.46 -13.13
1071.23 29.67
644.06 -170.88
954.26 3.77
1012.19 -80.74
504.33 -47.36
1119.50 -73.69
67.74 -10.36
1097.16 -10.73
1174.43 6.59
448.93 -64.29
733.89 -54.36
422.58 -120.54
387.23 138.24
46.86 1.53
70.31 -9.36
562.18 109.38
801.19 252.19
808.34 253.45
43.55 14.61
928.20 4.87
771.11 154.12
51.45 47.56
518.61 -139.89
865.96 58.66
625.84 50.94
70.65 10.17
37.69 9.71
762.85 62.85
927.21 -76.56
541.26 -11.12
697.40 -29.40
714.26 -127.56
711.34 100.83
1147.52 193.64
831.01 315.71
1055.85 -126.63
57.70 -10.78
47.22 -11.87
699.74 90.51
26.33 15.38
980.77 -79.78
456.27 135.43
70.40 9.37
55.87 23.27
421.90 13.69
874.72 181.16
690.09 67.42
547.10 139.34
684.00 21.34
974.82 177.42
698.62 -16.59
402.61 -105.23
341.86 116.88
873.57 -125.09
486.89 0.07
1063.41 -62.50
50.42 21.66
696.51 110.34
632.68 61.37
564.86 165.90
812.81 -158.63
524.30 6.22
52.45 -2.90
1085.14 88.27
604.26 240.54
24.63 21.27
996.45 333.18
20.11 62.06
468.84 -30.33
51.80 12.79
51.70 9.48
446.48 -4.27
874.27 131.38
601.82 -83.52
911.02 -90.73
521.75 -69.45
415.46 -111.96
507.11 -56.83
16.90 -21.87
51.45 13.69
51.04 12.52
836.68 75.30
401.11 -182.08
1101.32 -260.74
441.32 -78.93
59.46 27.96
247.70 -40.99
302.43 35.39
592.24 46.02
70.63 39.01
663.51 -13.17
581.35 -46.65
627.35 119.99
764.17 -194.96
522.02 166.02
814.22 -41.78
668.87 -45.97
423.07 -42.68
641.56 -66.68
588.65 98.19
672.84 139.86
45.98 -0.81
61.56 55.22
21.92 18.93
63.81 -9.73
582.03 -45.02
406.12 48.11
555.84 -147.71
1180.07 -319.11
674.00 195.70
1086.67 405.94
68.71 34.10
768.82 -121.99
30.39 9.12
1197.48 -85.50
13.83 26.02
628.15 236.19
506.51 73.35
851.92 -95.02
474.28 32.90
1095.71 104.22
572.71 141.40
26.97 -9.29
93.93 26.79
66.08 15.49
651.13 -23.01
457.28 58.53
790.01 11.47
490.22 -62.58
62.99 9.99
652.39 -5.63
1220.47 -144.39
1061.72 -27.22
74.64 25.79
560.36 81.35
1114.11 -26.96
1271.67 42.10
29.26 30.41
604.59 -68.64
1038.23 -168.36
828.41 21.34
343.61 -10.24
450.51 251.99
53.19 24.22
735.23 -30.17
663.47 79.17
106.06 13.51
50.55 -15.85
444.03 -110.04
556.22 -102.49
100.08 17.06
1093.97 31.94
1084.94 -175.34
44.60 0.43
714.83 128.53
582.67 -77.01
698.38 21.41
624.85 -16.67
383.90 140.18
733.39 126.40
52.77 9.06
58.46 32.71
529.86 -101.07
502.33 -61.19
972.45 200.97
503.06 34.73
978.72 228.20
313.01 71.35
1016.65 -128.02
25.39 26.75
870.73 181.80
573.06 125.17
359.88 75.98
70.29 20.14
642.01 136.21
476.84 121.28
77.92 -7.26
548.54 44.77
422.96 -29.64
494.32 182.78
981.60 18.58
45.85 28.63
653.08 -76.82
692.30 41.84
1043.63 -72.09
809.69 57.02
855.81 -46.23
570.47 29.36
773.50 114.03
45.65 -10.36
849.54 42.88
695.29 116.52
953.24 -209.89
565.71 -107.78
773.36 164.12
80.02 10.97
737.08 143.19
582.32 208.91
592.94 112.62
613.96 121.33
579.51 -27.49
689.64 -100.06
695.73 402.00
38.01 -7.39
725.92 29.04
880.62 -48.33
747.69 40.63
747.05 -79.75
487.27 126.74
956.75 -200.26
43.65 -32.97
1127.31 -16.93
789.43 13.93
70.73 3.64
384.19 -70.57
512.14 153.74
804.31 58.17
60.01 30.13
479.65 -84.61
670.85 -19.45
800.63 110.00
50.18 -15.06
669.75 103.27
516.21 24.84
765.95 -41.31
52.95 0.37
938.39 114.11
14.03 21.93
51.67 -12.41
493.34 92.43
1232.74 -313.62
556.90 69.56
589.44 -33.51
1181.13 238.30
913.94 -190.11
716.53 133.51
870.46 180.85
61.00 33.43
1037.63 -108.63
643.07 191.18
942.87 -155.80
659.91 119.73
6.72 -14.84
805.09 41.51
934.96 -151.98
635.44 -16.26
936.10 163.68
76.86 21.16
624.14 147.42
102.32 35.61
513.99 -84.26
1074.77 80.64
495.00 1.48
1175.87 25.04
453.67 84.98
34.17 27.16
49.55 -9.19
69.13 22.99
514.10 115.38
10.72 45.75
783.61 -107.82
61.67 37.38
290.87 -51.13
641.81 65.53
972.46 -252.16
1064.71 -129.79
57.66 17.69
276.32 6.45
595.04 107.18
620.92 114.77
601.48 -95.24
1061.03 -101.49
558.68 68.56
517.75 -60.31
355.84 108.70
4.29 11.47
515.87 -106.00
927.83 4.08
957.73 146.93
35.98 23.88
369.48 59.79
52.58 -0.50
762.89 113.82
51.04 -9.58
845.19 -129.83
31.85 16.88
804.85 80.46
82.98 10.35
64.98 18.57
677.92 -52.40
54.53 1.14
580.99 76.43
613.97 -23.71
1116.04 302.54
35.73 5.62
57.00 -10.45
458.71 -197.56
474.35 -28.88
42.30 -23.04
65.39 -8.55
544.02 -15.61
36.37 35.71
483.38 -56.26
674.99 155.72
1088.39 184.93
676.41 192.05
1133.89 -30.73
793.84 63.72
17.24 9.01
42.02 25.45
33.55 13.00
76.62 37.81
1034.06 14.11
659.40 142.09
628.80 83.96
808.79 78.43
49.26 28.35
374.83 63.49
25.82 11.51
1175.24 -132.39
491.11 -114.79
431.65 29.98
51.73 9.54
883.09 26.38
332.00 -62.67
